000000049913 
000000487013 
000000356144 
000000035663 
000000507749 
000000306439 
000000415243 
000000103969 
000000270708 
000000379294 
000000211844 
000000420960 
000000407139 
000000111888 
000000005619 
000000401067 
000000088034 
000000521797 
000000179576 
000000568000 
000000215334 
000000154362 
000000338087 
000000561527 
000000408208 
000000260370 
000000233526 
000000383569 
000000334699 
000000445477 
000000139598 
000000176280 
000000035446 
000000258019 
000000221560 
000000534637 
000000124591 
000000132987 
000000367905 
000000268105 
000000397390 
000000514567 
000000219261 
000000073671 
000000538931 
000000068974 
000000032368 
000000150677 
000000374060 
000000406177 
000000083787 
000000108505 
000000483144 
000000340665 
000000457781 
000000483156 
000000361947 
000000104537 
000000107233 
000000554171 
000000287249 
000000410772 
000000345937 
000000504258 
000000244578 
000000457227 
000000334735 
000000489019 
000000194669 
000000175038 
000000474289 
000000209893 
000000065938 
000000503845 
000000559652 
000000174356 
000000475856 
000000016418 
000000332824 
000000280184 
000000370207 
000000372674 
000000147459 
000000352866 
000000303376 
000000126408 
000000313220 
000000419828 
000000068430 
000000211675 
000000207976 
000000133145 
000000089350 
000000138562 
000000104638 
000000006964 
000000412813 
000000094156 
000000024352 
000000501015 
000000084097 
000000550056 
000000460897 
000000350180 
000000238232 
000000204746 
000000078169 
000000097882 
000000085855 
000000211048 
000000320350 
000000300748 
000000021551 
000000013920 
000000397575 
000000427178 
000000356293 
000000396302 
000000084489 
000000285258 
000000475754 
000000268617 
000000307190 
000000287324 
000000468792 
000000210124 
000000295105 
000000330065 
000000079503 
000000369038 
000000078364 
000000233520 
000000211221 
000000580651 
000000045433 
000000003779 
000000313459 
000000117555 
000000391696 
000000552440 
000000066129 
000000409929 
000000449904 
000000052901 
000000185830 
000000331885 
000000228659 
000000546160 
000000035971 
000000369653 
000000019471 
000000164292 
000000254615 
000000156260 
000000455313 
000000180729 
000000519631 
000000302129 
000000521602 
000000480576 
000000174410 
000000487466 
000000178791 
000000066507 
000000233521 
000000127360 
000000116956 
000000336980 
000000300330 
000000464382 
000000523749 
000000195677 
000000200643 
000000120099 
000000357139 
000000139472 
000000144383 
000000334069 
000000169032 
000000290734 
000000363786 
000000350720 
000000024103 
000000196120 
000000429433 
000000473870 
000000461644 
000000444578 
000000424443 
000000158933 
000000491211 
000000403305 
000000240158 
000000375947 
000000571361 
000000127632 
000000156204 
000000503383 
000000516474 
000000528713 
000000036252 
000000082548 
000000374068 
000000168162 
000000329018 
000000538424 
000000022671 
000000445099 
000000417987 
000000205585 
000000044954 
000000306404 
000000521999 
000000114868 
000000480629 
000000201184 
000000347995 
000000058043 
000000233341 
000000204509 
000000505234 
000000318904 
000000524844 
000000563574 
000000358707 
000000499037 
000000000459 
000000319197 
000000326584 
000000037325 
000000383533 
000000547941 
000000301415 
000000457774 
000000394658 
000000010793 
000000547830 
000000366268 
000000262003 
000000169514 
000000523893 
000000476385 
000000270836 
000000405529 
000000322586 
000000530998 
000000414350 
000000458606 
000000513389 
000000069320 
000000154830 
000000161246 
000000072859 
000000416705 
000000266517 
000000508872 
000000201463 
000000576622 
000000408480 
000000112574 
000000374308 
000000295358 
000000233848 
000000434486 
000000457292 
000000204431 
000000035248 
000000568462 
000000154008 
000000509891 
000000550423 
000000103759 
000000316671 
000000336465 
000000263734 
000000574052 
000000188735 
000000095752 
000000232280 
000000068211 
000000541117 
000000408515 
000000286939 
000000014653 
000000386079 
000000492171 
000000442926 
000000052433 
000000524924 
000000462584 
000000096027 
000000131918 
000000170562 
000000271500 
000000397427 
000000005769 
000000263526 
000000175878 
000000362368 
000000273855 
000000306833 
000000470072 
000000485776 
000000391620 
000000505391 
000000469755 
000000426421 
000000412339 
000000553667 
000000352217 
000000555197 
000000185351 
000000443139 
000000059743 
000000229896 
000000099893 
000000338169 
000000542426 
000000370242 
000000391332 
000000324285 
000000030055 
000000203003 
000000245460 
000000336578 
000000487496 
000000256608 
000000145809 
000000453918 
000000555170 
000000462785 
000000228000 
000000103697 
000000105470 
000000534112 
000000142949 
000000115400 
000000445128 
000000300454 
000000098031 
000000419281 
000000223165 
000000055805 
000000070470 
000000491449 
000000039368 
000000327656 
000000085028 
000000194975 
000000419391 
000000300353 
000000098940 
000000301457 
000000248733 
000000067186 
000000122527 
000000320693 
000000170882 
000000451018 
000000145945 
000000507147 
000000032362 
000000015148 
000000260118 
000000132299 
000000379172 
000000333630 
000000573260 
000000318185 
000000183953 
000000303814 
000000105386 
000000292920 
000000548336 
000000428881 
000000190115 
000000548209 
000000121748 
000000051474 
000000459182 
000000264659 
000000217304 
000000236211 
000000477940 
000000027750 
000000048354 
000000232263 
000000193710 
000000264948 
000000524476 
000000385669 
000000135608 
000000163814 
000000421108 
000000301179 
000000100896 
000000475685 
000000261381 
000000194550 
000000431795 
000000494854 
000000550278 
000000340658 
000000487990 
000000358171 
000000553428 
000000482443 
000000338431 
000000025551 
000000046616 
000000562557 
000000522069 
000000572405 
000000410398 
000000023539 
000000171239 
000000054228 
000000326299 
000000095595 
000000029909 
000000512416 
000000167482 
000000526320 
000000051717 
000000270785 
000000305879 
000000390914 
000000535933 
000000070347 
000000304759 
000000320386 
000000375256 
000000442961 
000000283673 
000000154379 
000000544568 
000000122231 
000000549830 
000000563160 
000000020381 
000000534980 
000000145375 
000000467063 
000000516655 
000000304921 
000000056181 
000000179584 
000000246087 
000000024385 
000000477162 
000000273321 
000000344477 
000000456784 
000000284509 
000000106168 
000000488835 
000000151826 
000000083931 
000000349021 
000000083386 
000000357044 
000000016255 
000000365434 
000000252994 
000000047054 
000000097667 
000000416101 
000000113525 
000000194310 
000000181554 
000000222361 
000000315126 
000000368450 
000000389133 
000000566105 
000000522309 
000000307968 
000000507237 
000000086869 
000000408449 
000000370638 
000000050462 
000000182902 
000000316181 
000000068025 
000000466137 
000000400275 
000000101832 
000000024061 
000000049191 
000000262873 
000000472749 
000000314526 
000000067792 
000000341164 
000000186550 
000000244167 
000000278771 
000000335633 
000000548773 
000000237897 
000000329568 
000000143154 
000000035328 
000000456653 
000000029444 
000000330091 
000000088023 
000000103711 
000000037846 
000000396275 
000000315769 
000000429353 
000000383518 
000000513758 
000000252807 
000000560015 
000000233863 
000000108589 
000000212843 
000000124614 
000000107670 
000000176155 
000000475359 
000000460673 
000000414647 
000000030205 
000000411653 
000000426841 
000000542570 
000000261793 
000000381664 
000000310155 
000000556028 
000000256659 
000000557990 
000000538887 
000000282209 
000000282428 
000000505945 
000000293855 
000000249618 
000000287366 
000000471039 
000000386784 
000000412491 
000000506803 
000000504058 
000000422769 
000000268400 
000000400710 
000000397058 
000000168151 
000000004131 
000000314951 
000000081201 
000000375765 
000000234020 
000000487375 
000000311891 
000000135345 
000000288041 
000000545582 
000000098502 
000000549518 
000000367128 
000000376247 
000000190330 
000000423586 
000000506808 
000000430798 
000000237944 
000000362936 
000000457229 
000000252894 
000000455853 
000000220317 
000000248389 
000000244504 
000000509009 
000000281650 
000000133449 
000000080691 
000000445187 
000000257165 
000000511062 
000000278168 
000000551763 
000000517987 
000000011223 
000000006432 
000000118431 
000000274126 
000000306299 
000000450526 
000000483118 
000000003694 
000000450860 
000000453221 
000000156885 
000000026602 
000000381246 
000000094000 
000000087880 
000000257821 
000000105339 
000000306009 
000000022199 
000000564339 
000000496907 
000000031733 
000000343770 
000000433370 
000000557869 
000000450996 
000000181022 
000000277379 
000000565799 
000000488980 
000000009820 
000000012153 
000000387206 
000000409303 
000000446917 
000000345987 
000000363939 
000000523995 
000000324866 
000000279940 
000000472093 
000000289949 
000000075620 
000000069432 
000000252010 
000000324145 
000000397815 
000000085847 
000000454692 
000000322595 
000000542163 
000000410724 
000000559132 
000000218603 
000000098390 
000000484450 
000000442287 
000000473159 
000000311022 
000000012501 
000000011690 
000000287374 
000000150151 
000000274888 
000000116633 
000000490182 
000000528905 
000000059489 
000000469300 
000000298418 
000000181766 
000000170178 
000000377758 
000000106635 
000000197780 
000000210149 
000000181371 
000000526554 
000000000821 
000000485473 
000000077821 
000000489670 
000000358796 
000000575049 
000000160524 
000000318204 
000000224285 
000000172197 
000000191724 
000000484875 
000000488413 
000000214494 
000000411399 
000000375892 
000000204767 
000000334557 
000000456091 
000000100159 
000000355081 
000000341639 
000000545116 
000000025352 
000000219410 
000000461467 
000000492943 
000000226377 
000000093378 
000000288421 
000000108201 
000000469975 
000000480344 
000000487239 
000000520478 
000000420889 
000000208145 
000000166764 
000000356866 
000000318840 
000000389336 
000000454566 
000000375688 
000000399078 
000000472163 
000000100535 
000000506617 
000000279816 
000000128978 
000000011570 
000000234643 
000000155823 
000000117691 
000000572391 
000000465321 
000000001958 
000000184241 
000000077591 
000000154667 
000000060858 
000000208250 
000000449691 
000000410019 
000000169984 
000000161970 
000000411441 
000000121372 
000000503605 
000000335045 
000000310725 
000000220348 
000000125208 
000000105228 
000000165029 
000000238806 
000000504122 
000000391892 
000000349243 
000000028675 
000000477810 
000000084253 
000000155705 
000000350358 
000000361265 
000000272420 
000000277775 
000000463474 
000000557804 
000000280819 
000000336171 
000000224037 
000000041603 
000000205409 
000000055244 
000000130972 
000000227897 
000000133060 
000000063144 
000000252745 
000000515561 
000000149842 
000000000882 
000000092684 
000000243442 
000000368242 
000000237628 
000000111754 
000000144906 
000000130516 
000000545138 
000000479035 
000000444367 
000000018359 
000000096785 
000000027482 
000000363241 
000000577197 
000000354483 
000000271844 
000000513895 
000000317619 
000000421077 
000000333626 
000000445041 
000000034680 
000000544701 
000000104953 
000000552061 
000000134032 
000000316536 
000000210063 
000000134100 
000000124903 
000000129246 
000000489799 
000000275565 
000000251210 
000000451834 
000000188528 
000000055780 
000000398164 
000000503539 
000000494608 
000000482731 
000000060402 
000000333799 
000000132746 
000000340971 
000000563302 
000000331201 
000000424998 
000000553640 
000000218704 
000000513727 
000000488510 
000000125882 
000000367823 
000000029656 
000000033596 
000000071224 
000000413805 
000000063248 
000000161725 
000000163176 
000000468401 
000000180851 
000000200404 
000000303404 
000000177115 
000000056821 
000000280955 
000000549255 
000000091408 
000000067975 
000000256101 
000000504287 
000000563775 
000000508017 
000000109862 
000000118627 
000000154478 
000000388074 
000000347352 
000000210528 
000000344853 
000000213579 
000000273592 
000000313372 
000000237513 
000000328352 
000000482225 
000000182516 
000000168472 
000000494966 
000000130043 
000000432441 
000000061814 
000000411705 
000000381330 
000000488792 
000000573297 
000000217302 
000000145679 
000000433826 
000000369449 
000000025003 
000000523274 
000000512400 
000000123453 
000000517906 
000000131612 
000000242755 
000000553482 
000000505309 
000000116017 
000000572215 
000000064417 
000000193255 
000000424268 
000000335590 
000000471154 
000000452269 
000000123411 
000000579179 
000000462814 
000000180682 
000000508040 
000000450709 
000000556374 
000000371359 
000000483971 
000000059774 
000000549133 
000000499094 
000000263759 
000000046936 
000000033882 
000000033731 
000000439427 
000000212438 
000000132223 
000000497227 
000000136369 
000000266880 
000000065948 
000000527183 
000000114917 
000000424340 
000000438531 
000000383438 
000000165835 
000000355236 
000000018563 
000000268023 
000000274870 
000000280079 
000000429806 
000000398938 
000000319427 
000000357533 
000000053870 
000000088120 
000000146317 
000000381017 
000000369872 
000000131967 
000000124397 
000000173475 
000000114240 
000000183048 
000000034167 
000000490099 
000000330862 
000000570542 
000000554357 
000000236346 
000000209274 
000000224034 
000000236184 
000000456345 
000000104075 
000000495832 
000000448739 
000000048636 
000000333546 
000000139359 
000000271852 
000000162322 
000000095113 
000000272143 
000000524173 
000000527083 
000000012933 
000000459339 
000000421059 
000000455135 
000000566029 
000000545181 
000000164899 
000000219622 
000000390288 
000000133812 
000000538194 
000000000201 
000000340102 
000000097989 
000000291540 
000000279078 
000000060778 
000000336464 
000000552032 
000000215201 
000000141576 
000000029894 
000000311821 
000000118564 
000000283125 
000000415435 
000000461517 
000000551717 
000000323752 
000000295428 
000000520533 
000000323448 
000000126028 
000000307510 
000000449154 
000000571078 
000000564341 
000000042731 
000000185479 
000000224329 
000000107858 
000000012269 
000000419483 
000000055981 
000000177356 
000000492179 
000000455741 
000000104406 
000000137516 
000000440709 
000000080200 
000000149230 
000000482196 
000000581887 
000000005559 
000000373409 
000000251019 
000000141040 
000000381544 
000000026286 
000000136555 
000000446650 
000000270330 
000000489207 
000000384242 
000000146979 
000000140627 
000000100177 
000000055859 
000000155450 
000000030815 
000000097579 
000000074176 
000000030340 
000000450050 
000000342086 
000000169438 
000000506919 
000000401041 
000000525555 
000000295766 
000000485294 
000000421086 
000000320336 
000000256343 
000000030583 
000000507049 
000000463884 
000000358399 
000000478475 
000000134807 
000000471916 
000000410960 
000000216279 
000000551336 
000000141702 
000000382563 
000000072595 
000000137953 
000000472569 
000000576963 
000000115854 
000000410715 
000000490647 
000000476903 
000000527283 
000000447471 
000000020046 
000000205202 
000000269751 
000000235110 
000000527054 
000000511803 
000000391255 
000000141855 
000000575754 
000000562308 
000000196116 
000000286124 
000000118606 
000000547265 
000000491111 
000000578878 
000000282952 
000000481885 
000000216686 
000000056205 
000000037323 
000000447639 
000000533633 
000000286632 
000000439871 
000000475510 
000000160652 
000000559442 
000000060568 
000000028692 
000000151273 
000000272651 
000000160181 
000000065383 
000000291107 
000000550431 
000000298978 
000000133486 
000000037327 
000000362432 
000000385672 
000000518517 
000000398433 
000000376701 
000000495477 
000000188991 
000000267980 
000000458646 
000000041673 
000000415020 
000000126906 
000000226348 
000000159987 
000000058630 
000000429526 
000000534676 
000000295308 
000000171192 
000000525732 
000000204853 
000000351134 
000000555669 
000000526881 
000000039203 
000000335153 
000000415776 
000000351403 
000000319451 
000000136200 
000000274571 
000000244429 
000000371302 
000000217241 
000000125351 
000000030034 
000000134643 
000000355774 
000000388880 
000000091996 
000000221420 
000000323951 
000000375812 
000000177636 
000000253362 
000000051067 
000000367065 
000000537297 
000000572181 
000000459121 
000000090351 
000000575631 
000000009656 
000000206463 
000000095867 
000000074177 
000000281028 
000000371854 
000000099548 
000000174876 
000000508861 
000000299481 
000000523201 
000000393478 
000000199404 
000000076742 
000000042760 
000000483475 
000000556938 
000000567768 
000000402514 
000000176386 
000000087672 
000000388947 
000000390368 
000000503714 
000000484843 
000000041729 
000000425864 
000000350468 
000000414670 
000000384037 
000000079806 
000000501534 
000000181595 
000000153971 
000000577583 
000000405520 
000000014428 
000000159199 
000000342183 
000000343310 
000000077394 
000000461110 
000000037719 
000000260101 
000000345823 
000000570801 
000000003602 
000000140633 
000000452461 
000000533872 
000000245462 
000000049720 
000000233263 
000000245132 
000000104796 
000000143936 
000000040723 
000000248478 
000000427396 
000000439992 
000000477534 
000000414980 
000000557321 
000000449422 
000000396287 
000000174888 
000000021147 
000000331507 
000000193444 
000000380909 
000000355182 
000000450840 
000000124832 
000000064148 
000000526028 
000000142562 
000000421618 
000000452380 
000000558077 
000000465744 
000000411686 
000000251103 
000000172987 
000000057535 
000000547607 
000000050464 
000000041404 
000000542676 
000000536120 
000000046155 
000000442735 
000000299836 
000000261073 
000000326317 
000000518389 
000000513054 
000000270581 
000000400858 
000000177755 
000000234679 
000000320902 
000000253956 
000000213090 
000000160126 
000000151330 
000000092041 
000000376793 
000000363940 
000000092190 
000000532505 
000000536241 
000000346936 
000000108987 
000000441518 
000000488129 
000000015658 
000000356182 
000000290839 
000000519320 
000000556966 
000000081961 
000000241388 
000000427005 
000000377713 
000000147897 
000000546320 
000000536830 
000000567630 
000000559102 
000000245235 
000000382554 
000000255044 
000000034645 
000000478174 
000000564756 
000000424915 
000000025452 
000000253202 
000000290684 
000000082940 
000000392174 
000000506201 
000000440344 
000000396021 
000000285579 
000000176385 
000000097097 
000000132710 
000000131498 
000000268856 
000000087647 
000000237031 
000000306925 
000000051461 
000000561594 
000000180386 
000000325236 
000000151704 
000000106382 
000000482127 
000000112706 
000000271689 
000000016188 
000000547168 
000000118034 
000000144610 
000000458323 
000000054010 
000000289941 
000000036827 
000000027789 
000000384499 
000000400742 
000000112377 
000000143286 
000000225828 
000000501841 
000000414684 
000000307670 
000000302428 
000000467318 
000000317679 
000000237192 
000000188920 
000000397857 
000000510061 
000000102439 
000000053702 
000000568790 
000000403672 
000000578030 
000000168801 
000000017570 
000000396179 
000000431177 
000000308967 
000000272365 
000000412519 
000000313502 
000000557396 
000000008058 
000000352515 
000000285773 
000000363126 
000000397148 
000000179170 
000000078696 
000000036077 
000000532065 
000000272603 
000000144394 
000000384635 
000000465735 
000000203818 
000000530509 
000000490105 
000000501382 
000000057770 
000000216044 
000000206304 
000000198416 
000000503600 
000000399937 
000000058714 
000000394891 
000000544796 
000000157109 
000000019441 
000000369259 
000000003786 
000000434135 
000000348519 
000000241001 
000000282557 
000000118674 
000000174043 
000000035643 
000000244711 
000000497801 
000000089877 
000000024042 
000000406315 
000000353993 
000000316044 
000000228722 
000000393777 
000000172187 
000000581557 
000000316555 
000000101822 
000000136672 
000000072888 
000000176617 
000000540057 
000000000839 
000000015738 
000000270024 
000000218569 
000000555456 
000000443702 
000000474448 
000000252940 
000000266461 
000000338030 
000000351384 
000000321107 
000000418964 
000000070459 
000000143231 
000000374405 
000000125724 
000000191408 
000000404027 
000000006764 
000000408624 
000000137571 
000000059874 
000000249132 
000000220046 
000000071396 
000000167973 
000000493339 
000000535234 
000000305873 
000000325089 
000000303971 
000000031765 
000000347403 
000000356337 
000000135785 
000000141283 
000000357176 
000000281177 
000000278078 
000000093885 
000000193968 
000000394942 
000000346089 
000000496401 
000000524373 
000000548471 
000000354131 
000000309514 
000000315773 
000000171656 
000000108049 
000000024040 
000000518613 
000000224470 
000000475710 
000000325593 
000000355542 
000000081308 
000000252759 
000000517916 
000000198761 
000000343820 
000000443519 
000000308598 
000000476155 
000000115590 
000000102460 
000000026388 
000000354976 
000000495403 
000000237835 
000000283803 
000000000136 
000000221932 
000000338802 
000000223068 
000000154424 
000000448423 
000000006744 
000000497125 
000000564743 
000000544876 
000000293133 
000000158806 
000000469169 
000000349698 
000000533548 
000000211631 
000000456695 
000000337647 
000000212927 
000000449400 
000000124850 
000000138618 
000000393900 
000000059912 
000000493355 
000000060780 
000000000969 
000000358429 
000000578255 
000000038751 
000000479573 
000000318678 
000000391365 
000000407963 
000000003091 
000000075427 
000000467194 
000000365264 
000000039301 
000000464630 
000000310853 
000000292988 
000000057617 
000000315640 
000000541961 
000000190845 
000000428658 
000000559755 
000000170865 
000000008809 
000000383699 
000000120792 
000000335587 
000000292463 
000000295419 
000000020925 
000000350795 
000000285844 
000000289833 
000000556855 
000000363656 
000000363146 
000000196336 
000000080747 
000000579231 
000000127556 
000000226326 
000000251292 
000000468825 
000000001298 
000000184176 
000000159558 
000000132554 
000000521482 
000000164249 
000000238316 
000000197806 
000000051157 
000000444502 
000000148398 
000000396741 
000000152942 
000000021285 
000000542717 
000000422586 
000000498160 
000000103231 
000000401901 
000000395749 
000000250655 
000000289201 
000000131856 
000000533041 
000000492654 
000000097591 
000000437226 
000000457400 
000000361029 
000000540670 
000000282485 
000000410107 
000000460289 
000000453195 
000000243234 
000000547345 
000000581124 
000000096615 
000000565903 
000000218470 
000000494986 
000000431865 
000000101622 
000000291194 
000000213020 
000000367048 
000000398133 
000000250474 
000000062878 
000000528971 
000000323372 
000000497514 
000000265274 
000000389425 
000000159768 
000000460918 
000000312033 
000000461593 
000000135467 
000000140473 
000000476280 
000000427070 
000000447345 
000000379136 
000000047614 
000000168243 
000000039555 
000000170221 
000000561180 
000000061624 
000000039335 
000000484619 
000000440060 
000000503920 
000000137382 
000000018006 
000000415446 
000000307611 
000000406253 
000000089187 
000000323108 
000000320396 
000000408078 
000000309946 
000000577783 
000000230817 
000000018882 
000000253072 
000000060179 
000000165253 
000000198414 
000000078053 
000000402846 
000000581348 
000000123359 
000000020965 
000000313846 
000000270475 
000000311964 
000000476468 
000000236865 
000000411327 
000000513867 
000000063619 
000000315486 
000000343908 
000000060055 
000000263700 
000000256613 
000000067936 
000000012109 
000000351981 
000000442225 
000000240163 
000000573482 
000000528062 
000000243600 
000000210570 
000000397184 
000000280220 
000000377612 
000000515275 
000000346499 
000000399441 
000000259153 
000000555654 
000000480947 
000000312381 
000000433454 
000000461835 
000000196742 
000000345831 
000000480400 
000000219268 
000000448343 
000000099902 
000000146972 
000000386261 
000000484279 
000000421495 
000000489622 
000000165157 
000000573714 
000000430245 
000000545268 
000000381270 
000000429170 
000000222016 
000000154020 
000000531696 
000000570874 
000000159729 
000000539068 
000000431554 
000000068260 
000000560007 
000000025376 
000000243782 
000000287062 
000000454282 
000000293554 
000000174211 
000000478903 
000000569520 
000000409877 
000000127381 
000000313627 
000000568762 
000000214491 
000000473918 
000000567652 
000000285821 
000000514821 
000000268670 
000000539147 
000000350535 
000000213162 
000000385663 
000000319591 
000000029964 
000000523394 
000000274084 
000000168797 
000000281943 
000000221038 
000000153814 
000000467905 
000000019472 
000000102669 
000000224304 
000000018336 
000000166163 
000000218389 
000000055823 
000000537532 
000000544713 
000000213555 
000000014961 
000000096054 
000000466395 
000000404526 
000000311083 
000000349725 
000000293346 
000000576305 
000000401594 
000000330637 
000000407286 
000000305227 
000000439386 
000000159808 
000000090374 
000000412639 
000000040275 
000000517144 
000000032203 
000000291460 
000000043546 
000000264255 
000000315083 
000000430375 
000000164951 
000000382263 
000000286106 
000000534459 
000000473029 
000000382701 
000000369934 
000000335027 
000000186730 
000000421908 
000000369253 
000000564879 
000000127834 
000000232889 
000000311497 
000000493704 
000000176084 
000000225603 
000000494174 
000000451352 
000000238749 
000000084391 
000000275206 
000000005152 
000000238080 
000000023984 
000000280770 
000000465453 
000000529772 
000000544294 
000000199553 
000000227893 
000000276417 
000000330570 
000000339384 
000000215522 
000000335713 
000000394079 
000000026570 
000000272253 
000000140278 
000000432461 
000000213381 
000000481804 
000000175227 
000000283403 
000000012700 
000000344880 
000000095483 
000000236354 
000000515421 
000000021194 
000000053958 
000000413668 
000000077027 
000000312668 
000000521947 
000000210416 
000000006190 
000000430335 
000000339358 
000000117532 
000000180563 
000000309144 
000000282672 
000000401455 
000000399407 
000000205332 
000000491062 
000000545370 
000000530670 
000000480000 
000000114317 
000000401123 
000000103251 
000000398124 
000000248637 
000000566301 
000000422778 
000000464265 
000000184889 
000000215844 
000000577640 
000000546518 
000000326076 
000000329336 
000000042683 
000000185571 
000000324018 
000000158964 
000000057491 
000000321168 
000000568947 
000000198195 
000000147520 
000000206704 
000000563535 
000000380724 
000000274134 
000000558794 
000000437732 
000000113801 
000000457021 
000000250870 
000000120490 
000000024882 
000000146849 
000000362166 
000000475309 
000000495523 
000000215462 
000000061328 
000000063677 
000000174521 
000000176810 
000000161124 
000000365958 
000000289535 
000000488151 
000000533039 
000000259414 
000000227909 
000000539214 
000000517232 
000000428885 
000000095770 
000000245337 
000000268100 
000000510033 
000000353200 
000000181027 
000000145690 
000000161101 
000000575711 
000000441460 
000000227884 
000000451668 
000000106545 
000000078429 
000000104625 
000000032868 
000000092951 
000000080585 
000000131780 
000000279450 
000000544222 
000000010621 
000000457962 
000000472922 
000000130607 
000000314818 
000000417430 
000000095583 
000000255573 
000000041918 
000000352185 
000000316595 
000000044029 
000000389292 
000000506550 
000000254002 
000000353929 
000000007333 
000000322327 
000000113559 
000000399666 
000000484303 
000000006268 
000000158107 
000000300111 
000000536728 
000000493862 
000000372136 
000000565986 
000000511392 
000000085294 
000000247078 
000000134286 
000000167765 
000000414961 
000000031202 
000000169287 
000000556843 
000000572544 
000000045593 
000000170877 
000000513027 
000000282129 
000000068290 
000000045587 
000000198704 
000000157989 
000000108557 
000000019663 
000000015356 
000000460346 
000000523244 
000000494642 
000000012896 
000000013637 
000000152482 
000000465489 
000000389554 
000000510096 
000000033601 
000000106900 
000000403627 
000000438894 
000000444583 
000000227337 
000000181805 
000000395080 
000000405613 
000000381492 
000000241905 
000000233882 
000000186684 
000000487486 
000000378373 
000000295804 
000000209073 
000000373645 
000000460459 
000000523230 
000000578663 
000000473754 
000000192168 
000000416907 
000000408799 
000000475053 
000000255158 
000000199485 
000000130011 
000000244078 
000000494330 
000000457906 
000000168806 
000000533484 
000000233476 
000000535517 
000000232460 
000000444801 
000000263957 
000000313762 
000000519533 
000000111352 
000000189924 
000000054244 
000000357831 
000000567644 
000000150538 
000000272899 
000000187797 
000000217322 
000000301106 
000000341039 
000000217191 
000000029324 
000000487788 
000000083755 
000000427494 
000000150541 
000000473531 
000000567337 
000000248169 
000000047720 
000000106419 
000000229008 
000000391252 
000000447767 
000000523966 
000000394071 
000000482539 
000000545735 
000000315908 
000000343872 
000000446827 
000000352082 
000000021169 
000000091842 
000000395324 
000000333436 
000000032715 
000000149268 
000000370152 
000000562741 
000000425074 
000000279764 
000000248942 
000000025685 
000000567342 
000000085183 
000000368132 
000000317179 
000000001098 
000000224699 
000000551144 
000000356238 
000000029642 
000000101989 
000000502117 
000000318561 
000000454509 
000000014864 
000000316622 
000000572426 
000000268313 
000000041552 
000000528851 
000000057978 
000000140346 
000000132493 
000000191169 
000000499845 
000000189996 
000000199149 
000000301708 
000000153790 
000000043305 
000000418091 
000000544001 
000000535468 
000000534894 
000000097849 
000000227204 
000000579589 
000000223072 
000000320111 
000000068003 
000000269355 
000000371283 
000000105901 
000000088324 
000000533222 
000000396213 
000000142100 
000000112409 
000000048489 
000000078825 
000000138276 
000000391638 
000000215033 
000000376921 
000000478955 
000000483368 
000000539189 
000000310796 
000000571920 
000000006603 
000000070788 
000000180941 
000000006777 
000000329134 
000000477179 
000000125120 
000000239917 
000000130485 
000000512854 
000000260039 
000000083613 
000000214395 
000000406508 
000000322562 
000000546825 
000000306803 
000000115419 
000000253773 
000000355051 
000000429158 
000000408610 
000000160624 
000000352259 
000000007035 
000000577544 
000000339687 
000000408331 
000000566824 
000000201111 
000000027565 
000000069342 
000000016593 
000000545316 
000000084867 
000000001451 
000000547136 
000000323888 
000000183302 
000000359099 
000000486576 
000000434371 
000000147846 
000000302703 
000000031090 
000000267830 
000000019763 
000000545929 
000000556986 
000000130773 
000000364665 
000000351140 
000000393738 
000000201599 
000000107609 
000000111241 
000000401557 
000000133994 
000000221272 
000000093230 
000000518495 
000000493468 
000000275976 
000000397036 
000000040468 
000000117998 
000000560119 
000000162523 
000000253479 
000000549044 
000000095380 
000000269273 
000000280909 
000000316495 
000000135237 
000000092765 
000000507427 
000000276336 
000000380898 
000000054586 
000000132042 
000000194347 
000000158563 
000000118605 
000000338276 
000000524925 
000000026720 
000000543600 
000000334746 
000000243464 
000000267699 
000000504616 
000000111194 
000000391862 
000000553965 
000000331747 
000000422064 
000000113905 
000000390935 
000000283679 
000000338407 
000000001987 
000000072860 
000000043872 
000000304603 
000000398569 
000000470078 
000000207458 
000000134575 
000000570826 
000000187743 
000000089898 
000000462383 
000000192944 
000000235481 
000000317188 
000000200728 
000000107052 
000000377914 
000000210000 
000000080614 
000000236673 
000000165203 
000000459034 
000000266968 
000000114239 
000000126238 
000000040251 
000000346196 
000000548962 
000000378638 
000000539251 
000000226046 
000000361394 
000000075982 
000000301273 
000000448671 
000000363079 
000000521739 
000000298868 
000000450695 
000000526458 
000000138760 
000000557081 
000000017170 
000000552188 
000000400621 
000000295162 
000000390855 
000000338132 
000000120185 
000000258071 
000000162654 
000000048160 
000000073278 
000000489422 
000000367860 
000000294426 
000000294974 
000000291298 
000000405777 
000000112896 
000000046813 
000000386677 
000000258078 
000000521355 
000000357278 
000000206166 
000000075608 
000000109139 
000000326618 
000000430989 
000000417849 
000000272159 
000000475035 
000000217154 
000000392033 
000000113721 
000000506341 
000000206102 
000000071838 
000000507239 
000000382706 
000000034808 
000000545351 
000000481829 
000000332417 
000000012131 
000000453490 
000000368852 
000000022085 
000000462492 
000000562516 
000000338642 
000000422850 
000000296560 
000000166354 
000000438701 
000000491242 
000000179199 
000000537223 
000000068367 
000000361885 
000000546864 
000000178430 
000000210549 
000000195062 
000000542960 
000000262239 
000000143333 
000000261180 
000000475169 
000000038296 
000000453485 
000000288234 
000000229707 
000000328111 
000000493576 
000000332067 
000000160559 
000000107964 
000000223335 
000000186933 
000000133002 
000000094569 
000000333324 
000000048937 
000000449610 
000000256540 
000000399605 
000000504101 
000000243045 
000000364247 
000000070896 
000000424246 
000000363057 
000000171585 
000000155386 
000000085340 
000000031324 
000000406917 
000000327209 
000000500005 
000000046013 
000000262242 
000000259192 
000000070408 
000000421771 
000000099938 
000000182759 
000000182551 
000000094577 
000000534511 
000000490400 
000000010265 
000000518383 
000000376347 
000000379498 
000000365099 
000000009218 
000000265934 
000000425870 
000000548882 
000000437277 
000000543422 
000000191687 
000000454406 
000000483297 
000000467612 
000000152237 
000000474868 
000000319669 
000000573784 
000000340962 
000000445355 
000000258954 
000000341272 
000000285064 
000000491597 
000000139637 
000000121557 
000000349784 
000000138675 
000000571499 
000000295578 
000000056293 
000000242516 
000000035979 
000000147429 
000000382855 
000000219300 
000000242823 
000000185221 
000000374208 
000000049143 
000000419748 
000000034438 
000000496506 
000000438349 
000000574722 
000000385144 
000000314979 
000000496486 
000000167375 
000000473733 
000000259555 
000000017776 
000000493811 
000000513188 
000000497591 
000000014662 
000000279661 
000000061842 
000000031113 
000000221422 
000000141017 
000000036854 
000000111864 
000000124562 
000000494179 
000000026302 
000000408681 
000000360217 
000000051484 
000000540807 
000000380420 
000000192406 
000000107346 
000000144444 
000000021284 
000000258761 
000000429809 
000000447160 
000000077752 
000000025759 
000000451949 
000000479168 
000000367020 
000000181064 
000000295537 
000000012827 
000000373426 
000000409510 
000000169602 
000000267216 
000000246444 
000000159577 
000000343853 
000000183762 
000000214371 
000000469973 
000000059237 
000000571584 
000000206806 
000000092353 
000000165571 
000000226173 
000000033869 
000000213426 
000000042079 
000000523007 
000000146801 
000000325723 
000000123766 
000000321363 
000000197212 
000000215012 
000000492478 
000000294379 
000000438077 
000000418812 
000000401539 
000000548834 
000000557461 
000000357799 
000000188239 
000000413707 
000000476455 
000000514777 
000000467257 
000000215407 
000000463839 
000000522464 
000000560143 
000000322503 
000000098927 
000000167300 
000000178184 
000000069614 
000000046042 
000000362553 
000000490102 
000000002525 
000000080337 
000000144618 
000000125727 
000000265316 
000000268900 
000000363750 
000000252439 
000000563545 
000000525660 
000000290700 
000000327917 
000000561923 
000000503155 
000000404351 
000000129205 
000000293674 
000000365310 
000000445879 
000000291898 
000000522235 
000000282042 
000000417143 
000000399630 
000000422878 
000000491823 
000000070156 
000000107990 
000000326265 
000000286773 
000000068778 
000000461124 
000000094046 
000000504313 
000000326247 
000000060915 
000000326928 
000000556751 
000000023245 
000000041763 
000000319738 
000000501538 
000000212429 
000000428726 
000000040065 
000000423806 
000000058257 
000000323661 
000000204432 
000000228989 
000000365934 
000000375245 
000000501936 
000000496239 
000000467296 
000000321150 
000000322059 
000000437374 
000000063648 
000000120120 
000000369521 
000000175427 
000000141566 
000000322698 
000000268418 
000000300001 
000000315487 
000000376754 
000000288694 
000000177238 
000000514222 
000000249336 
000000282901 
000000486457 
000000233218 
000000223761 
000000233726 
000000047267 
000000340217 
000000148297 
000000259037 
000000456239 
000000296236 
000000266010 
000000469921 
000000160294 
000000493972 
000000382643 
000000281495 
000000512143 
000000481586 
000000189982 
000000549780 
000000467594 
000000327481 
000000159285 
000000156323 
000000331549 
000000239881 
000000348580 
000000537369 
000000524645 
000000063796 
000000435807 
000000510962 
000000286484 
000000169330 
000000245377 
000000438721 
000000287418 
000000568009 
000000018530 
000000540135 
000000192497 
000000368844 
000000277439 
000000020983 
000000063893 
000000340200 
000000154095 
000000236461 
000000192091 
000000004702 
000000041606 
000000535561 
000000027519 
000000421314 
000000391170 
000000268200 
000000360246 
000000525908 
000000459600 
000000109229 
000000360283 
000000456068 
000000320159 
000000280999 
000000239389 
000000269532 
000000284651 
000000519707 
000000429096 
000000155170 
000000347926 
000000275219 
000000429834 
000000148898 
000000233869 
000000398733 
000000444236 
000000565091 
000000370839 
000000076583 
000000086556 
000000230522 
000000134986 
000000247366 
000000372599 
000000354144 
000000054083 
000000252639 
000000549361 
000000418251 
000000460495 
000000296424 
000000427750 
000000433801 
000000348730 
000000355064 
000000044232 
000000456425 
000000072118 
000000061854 
000000024518 
000000465702 
000000379612 
000000142263 
000000030779 
000000534210 
000000043739 
000000554541 
000000395039 
000000337745 
000000439658 
000000346799 
000000211948 
000000071908 
000000062244 
000000364099 
000000060437 
000000483066 
000000511279 
000000139512 
000000513039 
000000534421 
000000093191 
000000399012 
000000060419 
000000012993 
000000198319 
000000279420 
000000499024 
000000509054 
000000531069 
000000568668 
000000149646 
000000268159 
000000401982 
000000247416 
000000059972 
000000295956 
000000165960 
000000302102 
000000335656 
000000146193 
000000221880 
000000210731 
000000510871 
000000487810 
000000512806 
000000116804 
000000310042 
000000261902 
000000355869 
000000351888 
000000565312 
000000549539 
000000348524 
000000065982 
000000034214 
000000025533 
000000214742 
000000088609 
000000040620 
000000552302 
000000183807 
000000264128 
000000400809 
000000283408 
000000512455 
000000496353 
000000023584 
000000326801 
000000390966 
000000119443 
000000061983 
000000020279 
000000561491 
000000377160 
000000265930 
000000279762 
000000131030 
000000194247 
000000095670 
000000301649 
000000551995 
000000010646 
000000455959 
000000570857 
000000114313 
000000095201 
000000368072 
000000156213 
000000061881 
000000395406 
000000270809 
000000561715 
000000506283 
000000282145 
000000514676 
000000228418 
000000224114 
000000470891 
000000174911 
000000208031 
000000207785 
000000405973 
000000207033 
000000333580 
000000546800 
000000252384 
000000060979 
000000572909 
000000359408 
000000106438 
000000065588 
000000046303 
000000090287 
000000556279 
000000541734 
000000150508 
000000058595 
000000379487 
000000093441 
000000272741 
000000343598 
000000132548 
000000274978 
000000035825 
000000384027 
000000250599 
000000346360 
000000057313 
000000023687 
000000547419 
000000348857 
000000075999 
000000351400 
000000291498 
000000167002 
000000212893 
000000456987 
000000566538 
000000315281 
000000165401 
000000535251 
000000282835 
000000035580 
000000245729 
000000390841 
000000437347 
000000275412 
000000548703 
000000016382 
000000432239 
000000573995 
000000368040 
000000011401 
000000554348 
000000001875 
000000025710 
000000013198 
000000444777 
000000127170 
000000121123 
000000556332 
000000050849 
000000041568 
000000117979 
000000492417 
000000447736 
000000372220 
000000565353 
000000483851 
000000083672 
000000273789 
000000147830 
000000014253 
000000257448 
000000196773 
000000066909 
000000548942 
000000313228 
000000133615 
000000037702 
000000498943 
000000343642 
000000046674 
000000569414 
000000037102 
000000461447 
000000419571 
000000472954 
000000511774 
000000491478 
000000501026 
000000414715 
000000561187 
000000247216 
000000355571 
000000072442 
000000373730 
000000433097 
000000140634 
000000224049 
000000094513 
000000559331 
000000047832 
000000505980 
000000181503 
000000567488 
000000434208 
000000540436 
000000037595 
000000068120 
000000349099 
000000299349 
000000205681 
000000282431 
000000104621 
000000287387 
000000316254 
000000045554 
000000526166 
000000070528 
000000378521 
000000005094 
000000109608 
000000578710 
000000258865 
000000175855 
000000309618 
000000149810 
000000275406 
000000163518 
000000091025 
000000130352 
000000076049 
000000223496 
000000404071 
000000070159 
000000465323 
000000012733 
000000296093 
000000317756 
000000559859 
000000490291 
000000522054 
000000443653 
000000114352 
000000244241 
000000199827 
000000117424 
000000069837 
000000409100 
000000425114 
000000517370 
000000201862 
000000064941 
000000517882 
000000390742 
000000278692 
000000482187 
000000353317 
000000517026 
000000125125 
000000543551 
000000133939 
000000469051 
000000093120 
000000459001 
000000138175 
000000291930 
000000570474 
000000081099 
000000554452 
000000290708 
000000165803 
000000454679 
000000160910 
000000072536 
000000195951 
000000308083 
000000143554 
000000339009 
000000191457 
000000226176 
000000560150 
000000382101 
000000558890 
000000267684 
000000018780 
000000290422 
000000312420 
000000461175 
000000156572 
000000019182 
000000052267 
000000361469 
000000041959 
000000260430 
000000401776 
000000000510 
000000248603 
000000163266 
000000097191 
000000539358 
000000298261 
000000216856 
000000575921 
000000413585 
000000574140 
000000287434 
000000210258 
000000509244 
000000402077 
000000490242 
000000391733 
000000573252 
000000496687 
000000372833 
000000228119 
000000030630 
000000297964 
000000513522 
000000119523 
000000323581 
000000072988 
000000462964 
000000122861 
000000126766 
000000053580 
000000517038 
000000150410 
000000225945 
000000162775 
000000113851 
000000169646 
000000229236 
000000264324 
000000183448 
000000456558 
000000315248 
000000474941 
000000340412 
000000439268 
000000220793 
000000545525 
000000330611 
000000224830 
000000478522 
000000357117 
000000335565 
000000412947 
000000324643 
000000517194 
000000565518 
000000181265 
000000337915 
000000211760 
000000446872 
000000421064 
000000450381 
000000416516 
000000392881 
000000072105 
000000471952 
000000293756 
000000327299 
000000073016 
000000135480 
000000269098 
000000489476 
000000000338 
000000569272 
000000294073 
000000403975 
000000185862 
000000203229 
000000580930 
000000578533 
000000325595 
000000439179 
000000239417 
000000392957 
000000292685 
000000435347 
000000286550 
000000099604 
000000495388 
000000215561 
000000039455 
000000145149 
000000522452 
000000562171 
000000049053 
000000031825 
000000428895 
000000101766 
000000099875 
000000452618 
000000333634 
000000294908 
000000537866 
000000193547 
000000027517 
000000521943 
000000276972 
000000337490 
000000055221 
000000436511 
000000080271 
000000278731 
000000176432 
000000033845 
000000377910 
000000045222 
000000251857 
000000162712 
000000105079 
000000438447 
000000420552 
000000271641 
000000544122 
000000380447 
000000264044 
000000119166 
000000498284 
000000097857 
000000356184 
000000140983 
000000140247 
000000415551 
000000361661 
000000268122 
000000091149 
000000118703 
000000228708 
000000057827 
000000092916 
000000123935 
000000416303 
000000425669 
000000260006 
000000134981 
000000310331 
000000419764 
000000217465 
000000105518 
000000332653 
000000385406 
000000003628 
000000192095 
000000434587 
000000321206 
000000118642 
000000068852 
000000562885 
000000239515 
000000210189 
000000049933 
000000263351 
000000075603 
000000208044 
000000445055 
000000166926 
000000328592 
000000523870 
000000286813 
000000082513 
000000106166 
000000289797 
000000564609 
000000229233 
000000401951 
000000114045 
000000392871 
000000113700 
000000511482 
000000090959 
000000529311 
000000169690 
000000470190 
000000470025 
000000072573 
000000543057 
000000092691 
000000136310 
000000209922 
000000299643 
000000550117 
000000135356 
000000478212 
000000193342 
000000194943 
000000168833 
000000053629 
000000426877 
000000244782 
000000027374 
000000414046 
000000164941 
000000482659 
000000154994 
000000381400 
000000379882 
000000017311 
000000406215 
000000240655 
000000437862 
000000342851 
000000295032 
000000535259 
000000407056 
000000356623 
000000146224 
000000423624 
000000187833 
000000315018 
000000201163 
000000246124 
000000407687 
000000008841 
000000556637 
000000365943 
000000048304 
000000304008 
000000365662 
000000077332 
000000103538 
000000024664 
000000315719 
000000325328 
000000231047 
000000519852 
000000216021 
000000194842 
000000089112 
000000337427 
000000248446 
000000037616 
000000273602 
000000081177 
000000372362 
000000456554 
000000254199 
000000114258 
000000556833 
000000050256 
000000049819 
000000322500 
000000570768 
000000444432 
000000164325 
000000114414 
000000298327 
000000079244 
000000392665 
000000148385 
000000243796 
000000260852 
000000531515 
000000030851 
000000013092 
000000325837 
000000523968 
000000113023 
000000319104 
000000224662 
000000434211 
000000392776 
000000119876 
000000380329 
000000022355 
000000350712 
000000434806 
000000531658 
000000062245 
000000519541 
000000423093 
000000427435 
000000385107 
000000285059 
000000543996 
000000312329 
000000031121 
000000129604 
000000183414 
000000417259 
000000548391 
000000241178 
000000347691 
000000151211 
000000259638 
000000095267 
000000093607 
000000385877 
000000159128 
000000464298 
000000451825 
000000250592 
000000164749 
000000536950 
000000249166 
000000000086 
000000020540 
000000486178 
000000083257 
000000249489 
000000031734 
000000330511 
000000034056 
000000379552 
000000410068 
000000363399 
000000304031 
000000241466 
000000359925 
000000237355 
000000040346 
000000095711 
000000557965 
000000468530 
000000291269 
000000493779 
000000382863 
000000312384 
000000264091 
000000411505 
000000232245 
000000525640 
000000103890 
000000569775 
000000020491 
000000487507 
000000248850 
000000178839 
000000191961 
000000080305 
000000367763 
000000369567 
000000020311 
000000574368 
000000085031 
000000051642 
000000095211 
000000265366 
000000534000 
000000139261 
000000147228 
000000236822 
000000423769 
000000221187 
000000317851 
000000033808 
000000443084 
000000029045 
000000397431 
000000498137 
000000524649 
000000574986 
000000001089 
000000216417 
000000119134 
000000340368 
000000257301 
000000275057 
000000015017 
000000240331 
000000092218 
000000059581 
000000280764 
000000392612 
000000458299 
000000269958 
000000009095 
000000273466 
000000442840 
000000362103 
000000057663 
000000401299 
000000543782 
000000004331 
000000008781 
000000525184 
000000459929 
000000017413 
000000467809 
000000004011 
000000419752 
000000051793 
000000346821 
000000260230 
000000409667 
000000000723 
000000242189 
000000197350 
000000208524 
000000498765 
000000508541 
000000503871 
000000211735 
000000494716 
000000275938 
000000058873 
000000376848 
000000241187 
000000450567 
000000089407 
000000139763 
000000240147 
000000041952 
000000013082 
000000097078 
000000232389 
000000063503 
000000223157 
000000092990 
000000042541 
000000131485 
000000028881 
000000284676 
000000374597 
000000082052 
000000271546 
000000183895 
000000163138 
000000247037 
000000356344 
000000305752 
000000171016 
000000253229 
000000183319 
000000299970 
000000091378 
000000358079 
000000038532 
000000427399 
000000507390 
000000576803 
000000438995 
000000144863 
000000332271 
000000012544 
000000135733 
000000246587 
000000480996 
000000274900 
000000163103 
000000161015 
000000362568 
000000247082 
000000438698 
000000205570 
000000297802 
000000204138 
000000367670 
000000379143 
000000451983 
000000275718 
000000429594 
000000543347 
000000442451 
000000377802 
000000533520 
000000230046 
000000365218 
000000233348 
000000156045 
000000527263 
000000552320 
000000142981 
000000341693 
000000138078 
000000562623 
000000218802 
000000373305 
000000441903 
000000469634 
000000250400 
000000098925 
000000063874 
000000160970 
000000404015 
000000058541 
000000226597 
000000066769 
000000475774 
000000231720 
000000147250 
000000099308 
000000266376 
000000509971 
000000045622 
000000558910 
000000517160 
000000402381 
000000274399 
000000209125 
000000369961 
000000170689 
000000194461 
000000011077 
000000560297 
000000469206 
000000365427 
000000026072 
000000185945 
000000519172 
000000116316 
000000035985 
000000189267 
000000285138 
000000110052 
000000074466 
000000154053 
000000001315 
000000331858 
000000549407 
000000264474 
000000570457 
000000260129 
000000158421 
000000293125 
000000254658 
000000170181 
000000442084 
000000026625 
000000440970 
000000366907 
000000453767 
000000033500 
000000243970 
000000046975 
000000121229 
000000078929 
000000533888 
000000574870 
000000255797 
000000359537 
000000060547 
000000549971 
000000343914 
000000299757 
000000544738 
000000056877 
000000368080 
000000403531 
000000110269 
000000035532 
000000324291 
000000451104 
000000382569 
000000562261 
000000371427 
000000218093 
000000556955 
000000543515 
000000286792 
000000072098 
000000384834 
000000247555 
000000399865 
000000417230 
000000529020 
000000099265 
000000440522 
000000023450 
000000496832 
000000246532 
000000519853 
000000158957 
000000563707 
000000385985 
000000166297 
000000422274 
000000407806 
000000114403 
000000243980 
000000365265 
000000256799 
000000062057 
000000487607 
000000380827 
000000453792 
000000362301 
000000321169 
000000178275 
000000519906 
000000234023 
000000355678 
000000254356 
000000026263 
000000184295 
000000026833 
000000554823 
000000510593 
000000171335 
000000123851 
000000522423 
000000125590 
000000421602 
000000488541 
000000162757 
000000070541 
000000484531 
000000518472 
000000284338 
000000161595 
000000352734 
000000193349 
000000328026 
000000447689 
000000448431 
000000407930 
000000575055 
000000510365 
000000548323 
000000217181 
000000557251 
000000093838 
000000564481 
000000245898 
000000119953 
000000336330 
000000488424 
000000298276 
000000424434 
000000413734 
000000494782 
000000558917 
000000039099 
000000232551 
000000391285 
000000449902 
000000183847 
000000451781 
000000134558 
000000081103 
000000143103 
000000122199 
000000021504 
000000557732 
000000232985 
000000281214 
000000151403 
000000228467 
000000443082 
000000334857 
000000145292 
000000309526 
000000579029 
000000420156 
000000299493 
000000241517 
000000340610 
000000340899 
000000042091 
000000424388 
000000569242 
000000348144 
000000265789 
000000479054 
000000309139 
000000195420 
000000017365 
000000285293 
000000162435 
000000276476 
000000236085 
000000271643 
000000255093 
000000470021 
000000492244 
000000305050 
000000010684 
000000091558 
000000031016 
000000156935 
000000258414 
000000174705 
000000179904 
000000573947 
000000536146 
000000010534 
000000370626 
000000538170 
000000074492 
000000091416 
000000396080 
000000011591 
000000412566 
000000071495 
000000106287 
000000313341 
000000091638 
000000559101 
000000139586 
000000544933 
000000186074 
000000355957 
000000071552 
000000048943 
000000147386 
000000193977 
000000031333 
000000311501 
000000006531 
000000486045 
000000064750 
000000510959 
000000385980 
000000410933 
000000200024 
000000012979 
000000147172 
000000370466 
000000304248 
000000101195 
000000418114 
000000555722 
000000033044 
000000534502 
000000094940 
000000216571 
000000491505 
000000067269 
000000375528 
000000438028 
000000007726 
000000520848 
000000121683 
000000159375 
000000536725 
000000288164 
000000112572 
000000179441 
000000166549 
000000157356 
000000059910 
000000329191 
000000359354 
000000094033 
000000438045 
000000108708 
000000176157 
000000333899 
000000388341 
000000019737 
000000460722 
000000499623 
000000316194 
000000580345 
000000217636 
000000116131 
000000554208 
000000423383 
000000128922 
000000041011 
000000179681 
000000216742 
000000069510 
000000279444 
000000291596 
000000440735 
000000375490 
000000113501 
000000087553 
000000172874 
000000177467 
000000561062 
000000230932 
000000423818 
000000006200 
000000459589 
000000460266 
000000547224 
000000411201 
000000506979 
000000189847 
000000050470 
000000511700 
000000260932 
000000536891 
000000297851 
000000066520 
000000576427 
000000042707 
000000247317 
000000401068 
000000022675 
000000456800 
000000449828 
000000201655 
000000463204 
000000204833 
000000063949 
000000218759 
000000196912 
000000189183 
000000072927 
000000314065 
000000264608 
000000261603 
000000111646 
000000454543 
000000468422 
000000270215 
000000182637 
000000016412 
000000355360 
000000464965 
000000209544 
000000029320 
000000279974 
000000322160 
000000450152 
000000342643 
000000139987 
000000141678 
000000396691 
000000319487 
000000577651 
000000168508 
000000156630 
000000306620 
000000455350 
000000011258 
000000173239 
000000477598 
000000174462 
000000383211 
000000130295 
000000576010 
000000366967 
000000387074 
000000533550 
000000213405 
000000281505 
000000192787 
000000246412 
000000546333 
000000290110 
000000445745 
000000399781 
000000576082 
000000424157 
000000248878 
000000437317 
000000527868 
000000496090 
000000439410 
000000344507 
000000090149 
000000485090 
000000482157 
000000456076 
000000095257 
000000437423 
000000303321 
000000547471 
000000429142 
000000198782 
000000198530 
000000326320 
000000128539 
000000035738 
000000321127 
000000525249 
000000437808 
000000150746 
000000559907 
000000097801 
000000098859 
000000519774 
000000353740 
000000490508 
000000067252 
000000308432 
000000310158 
000000336708 
000000487502 
000000390177 
000000074369 
000000330297 
000000225850 
000000197324 
000000152328 
000000359115 
000000195556 
000000139614 
000000559136 
000000573968 
000000201738 
000000020904 
000000285302 
000000449669 
000000540681 
000000345781 
000000561399 
000000177845 
000000320816 
000000513052 
000000348044 
000000575008 
000000017096 
000000529409 
000000182840 
000000196885 
000000432627 
000000324103 
000000549754 
000000370045 
000000260791 
000000050429 
000000428011 
000000347789 
000000401286 
000000432593 
000000498350 
000000119308 
000000266124 
000000551651 
000000487378 
000000387335 
000000391910 
000000291207 
000000074820 
000000119729 
000000399480 
000000333848 
000000412901 
000000501388 
000000134460 
000000197854 
000000162227 
000000042711 
000000076401 
000000338319 
000000564915 
000000376831 
000000410484 
000000137954 
000000293537 
000000108463 
000000335722 
000000384232 
000000099965 
000000533494 
000000581507 
000000569774 
000000368896 
000000557636 
000000091917 
000000435855 
000000456996 
000000545859 
000000320418 
000000335200 
000000408217 
000000405920 
000000039643 
000000271595 
000000514207 
000000255971 
000000372182 
000000349822 
000000531037 
000000097130 
000000374977 
000000336046 
000000502152 
000000325475 
000000182828 
000000308672 
000000061832 
000000490992 
000000171880 
000000235933 
000000157426 
000000397377 
000000102851 
000000362367 
000000329380 
000000210537 
000000208479 
000000420688 
000000034874 
000000034551 
000000097916 
000000223534 
000000044040 
000000456190 
000000570773 
000000119169 
000000127068 
000000020542 
000000075402 
000000311773 
000000564265 
000000397640 
000000313673 
000000024307 
000000505213 
000000190792 
000000053360 
000000115652 
000000323851 
000000350326 
000000567566 
000000354268 
000000331772 
000000044719 
000000300712 
000000396942 
000000417469 
000000502896 
000000526464 
000000379841 
000000553863 
000000098672 
000000117125 
000000076893 
000000560123 
000000565971 
000000246932 
000000162799 
000000005085 
000000368918 
000000156500 
000000200843 
000000575060 
000000342432 
000000550438 
000000443410 
000000556108 
000000476501 
000000257407 
000000203054 
000000186083 
000000044580 
000000069257 
000000347170 
000000094271 
000000579736 
000000390594 
000000066412 
000000422982 
000000064267 
000000534887 
000000127514 
000000139000 
000000455554 
000000131572 
000000030534 
000000394698 
000000398140 
000000412604 
000000014269 
000000093357 
000000227683 
000000458355 
000000351622 
000000283858 
000000342283 
000000534162 
000000110514 
000000393649 
000000205931 
000000096748 
000000021747 
000000564729 
000000228683 
000000119294 
000000420892 
000000396541 
000000388106 
000000369496 
000000056701 
000000179805 
000000575595 
000000419755 
000000054679 
000000464789 
000000238074 
000000046563 
000000574717 
000000572090 
000000370524 
000000127313 
000000209027 
000000265796 
000000333383 
000000576752 
000000532623 
000000381208 
000000341052 
000000079591 
000000032965 
000000004286 
000000262146 
000000382620 
000000393029 
000000567346 
000000576849 
000000555322 
000000571427 
000000010624 
000000045086 
000000264233 
000000313577 
000000111262 
000000281125 
000000259408 
000000143908 
000000070309 
000000480797 
000000530652 
000000283012 
000000435707 
000000129886 
000000029752 
000000162880 
000000082438 
000000177941 
000000026053 
000000423602 
000000022811 
000000027593 
000000555109 
000000120682 
000000188189 
000000181014 
000000056632 
000000560993 
000000131721 
000000409063 
000000485907 
000000570060 
000000410061 
000000547879 
000000264846 
000000158143 
000000339159 
000000318888 
000000172940 
000000105156 
000000053514 
000000106504 
000000401897 
000000277025 
000000042399 
000000264497 
000000433637 
000000392142 
000000126288 
000000581637 
000000088168 
000000109939 
000000339283 
000000518716 
000000098046 
000000387724 
000000292482 
000000133384 
000000545213 
000000250800 
000000315986 
000000331367 
000000319275 
000000169885 
000000439325 
000000486807 
000000577558 
000000018317 
000000441598 
000000573149 
000000191096 
000000166358 
000000181534 
000000225539 
000000156904 
000000225686 
000000154652 
000000233545 
000000156156 
000000047524 
000000373077 
000000341623 
000000376838 
000000237423 
000000225703 
000000011774 
000000091751 
000000419477 
000000042407 
000000567224 
000000463496 
000000013721 
000000179758 
000000209667 
000000502632 
000000261669 
000000478035 
000000483899 
000000498687 
000000121562 
000000382784 
000000524431 
000000323470 
000000053359 
000000248711 
000000368746 
000000483993 
000000339890 
000000234755 
000000546966 
000000080480 
000000238607 
000000248395 
000000347515 
000000393227 
000000558054 
000000369857 
000000063185 
000000548879 
000000057901 
000000527207 
000000239644 
000000102974 
000000280643 
000000314500 
000000342401 
000000004421 
000000298657 
000000003938 
000000138025 
000000498508 
000000230214 
000000160828 
000000160913 
000000151758 
000000481325 
000000320106 
000000251072 
000000177246 
000000390941 
000000424301 
000000089132 
000000154927 
000000295916 
000000537620 
000000229134 
000000526580 
000000480486 
000000301155 
000000152769 
000000069929 
000000237942 
000000284703 
000000431062 
000000369941 
000000183676 
000000200788 
000000030643 
000000105388 
000000046544 
000000085974 
000000397786 
000000053644 
000000257308 
000000148344 
000000115505 
000000528562 
000000334631 
000000580850 
000000552184 
000000082301 
000000345960 
000000434689 
000000131225 
000000147930 
000000468306 
000000390137 
000000292042 
000000560718 
000000269253 
000000005683 
000000407778 
000000281829 
000000269964 
000000407548 
000000407201 
000000415232 
000000404204 
000000146785 
000000517403 
000000558579 
000000102004 
000000118186 
000000016827 
000000059679 
000000098043 
000000295875 
000000389844 
000000170439 
000000072110 
000000531020 
000000385929 
000000039495 
000000358664 
000000108898 
000000212840 
000000572439 
000000348447 
000000333498 
000000418868 
000000220457 
000000404592 
000000252383 
000000075882 
000000569347 
000000120655 
000000017944 
000000549560 
000000438186 
000000223447 
000000473911 
000000280829 
000000267049 
000000153083 
000000497960 
000000174603 
000000324032 
000000401428 
000000049581 
000000272955 
000000116480 
000000179522 
000000480240 
000000347823 
000000398083 
000000350017 
000000389345 
000000501677 
000000002235 
000000054329 
000000304748 
000000295106 
000000254850 
000000151664 
000000038808 
000000468299 
000000296477 
000000046725 
000000309260 
000000030608 
000000368041 
000000273878 
000000572926 
000000284468 
000000561361 
000000460982 
000000142500 
000000135539 
000000572341 
000000208817 
000000441488 
000000098616 
000000018928 
000000097646 
000000259005 
000000561903 
000000089362 
000000291417 
000000400379 
000000128561 
000000080000 
000000075266 
000000185125 
000000200471 
000000559282 
000000092776 
000000524061 
000000001720 
000000040219 
000000228209 
000000341857 
000000138851 
000000313923 
000000547082 
000000205134 
000000483897 
000000389715 
000000277533 
000000248270 
000000274839 
000000242979 
000000327970 
000000263973 
000000111788 
000000063698 
000000319350 
000000495786 
000000327514 
000000217583 
000000326920 
000000407067 
000000283267 
000000270815 
000000452985 
000000278963 
000000411266 
000000046269 
000000416355 
000000198768 
000000377218 
000000001569 
000000265184 
000000154210 
000000159465 
000000169612 
000000157714 
000000196721 
000000035771 
000000482750 
000000570643 
000000159370 
000000046526 
000000226254 
000000321567 
000000470062 
000000390378 
000000361992 
000000326723 
000000471175 
000000338120 
000000563457 
000000154090 
000000440762 
000000188956 
000000109290 
000000230038 
000000574460 
000000407253 
000000014265 
000000136673 
000000504216 
000000029116 
000000205086 
000000206933 
000000215353 
000000230971 
000000201207 
000000193021 
000000338094 
000000138553 
000000495592 
000000103579 
000000138315 
000000573088 
000000420357 
000000132515 
000000508288 
000000219472 
000000005325 
000000117040 
000000217119 
000000294102 
000000315425 
000000556205 
000000468063 
000000251569 
000000108668 
000000431139 
000000546183 
000000558539 
000000258346 
000000143576 
000000262229 
000000393735 
000000372305 
000000482690 
000000222394 
000000064342 
000000477298 
000000294730 
000000362828 
000000275625 
000000510643 
000000463640 
000000504130 
000000548689 
000000444631 
000000066459 
000000411690 
000000375357 
000000214924 
000000121795 
000000316477 
000000437148 
000000043191 
000000422725 
000000451008 
000000575860 
000000096189 
000000548184 
000000394620 
000000361021 
000000451003 
000000049097 
000000154171 
000000098425 
000000173514 
000000530851 
000000384930 
000000564572 
000000243955 
000000105200 
000000474862 
000000437883 
000000211491 
000000255529 
000000365345 
000000218644 
000000052305 
000000032491 
000000399330 
000000279763 
000000426700 
000000339001 
000000069878 
000000279986 
000000290698 
000000575490 
000000559762 
000000108360 
000000371360 
000000421188 
000000451751 
000000111536 
000000397025 
000000312876 
000000408270 
000000475731 
000000506873 
000000469504 
000000128608 
000000527907 
000000291572 
000000104696 
000000009744 
000000574132 
000000299008 
000000523010 
000000361217 
000000218775 
000000059009 
000000501289 
000000320333 
000000203275 
000000559382 
000000341503 
000000347981 
000000276265 
000000368927 
000000332607 
000000292312 
000000135327 
000000281397 
000000432131 
000000032068 
000000161843 
000000301295 
000000499826 
000000282590 
000000306677 
000000382207 
000000470284 
000000121453 
000000173096 
000000472729 
000000062440 
000000013215 
000000405574 
000000266443 
000000122939 
000000250054 
000000256547 
000000214800 
000000137315 
000000546020 
000000385401 
000000235893 
000000211216 
000000353270 
000000047004 
000000038447 
000000389392 
000000186361 
000000321422 
000000058690 
000000387208 
000000569050 
000000189831 
000000089651 
000000355179 
000000554809 
000000203024 
000000363826 
000000473912 
000000398726 
000000182317 
000000396972 
000000210389 
000000221132 
000000319432 
000000130314 
000000432908 
000000316581 
000000577866 
000000160743 
000000565230 
000000412917 
000000370013 
000000344045 
000000062543 
000000360424 
000000561590 
000000275494 
000000118911 
000000459111 
000000574014 
000000392028 
000000495125 
000000517031 
000000471446 
000000506530 
000000529126 
000000421383 
000000375769 
000000507293 
000000022195 
000000277738 
000000169299 
000000249537 
000000557107 
000000356622 
000000101697 
000000169539 
000000257838 
000000160330 
000000063721 
000000131486 
000000212187 
000000454444 
000000137715 
000000177440 
000000180389 
000000516261 
000000537408 
000000073560 
000000378030 
000000197663 
000000006945 
000000363844 
000000171038 
000000001292 
000000516329 
000000208086 
000000497444 
000000443509 
000000106664 
000000529827 
000000098903 
000000073197 
000000459347 
000000429437 
000000218145 
000000086763 
000000092060 
000000327005 
000000151486 
000000148474 
000000528788 
000000296243 
000000483517 
000000347787 
000000400305 
000000314791 
000000461187 
000000511669 
000000008329 
000000163114 
000000071720 
000000110530 
000000332915 
000000052365 
000000377543 
000000207595 
000000402674 
000000509364 
000000335003 
000000463284 
000000191842 
000000307703 
000000030549 
000000306339 
000000097999 
000000107148 
000000091057 
000000430624 
000000447224 
000000270443 
000000101656 
000000173801 
000000252375 
000000124786 
000000401685 
000000116832 
000000006941 
000000118730 
000000146850 
000000208754 
000000455799 
000000397433 
000000530925 
000000160940 
000000448131 
000000561069 
000000479880 
000000194510 
000000377017 
000000344548 
000000196280 
000000114519 
000000226762 
000000498295 
000000147482 
000000205648 
000000252744 
000000068749 
000000370210 
000000339413 
000000063572 
000000174389 
000000133013 
000000014818 
000000066650 
000000454273 
000000500634 
000000526597 
000000157237 
000000452689 
000000501999 
000000412567 
000000093953 
000000079563 
000000058633 
000000163105 
000000439392 
000000267875 
000000084825 
000000286530 
000000230673 
000000422995 
000000195998 
000000180968 
000000371058 
000000524314 
000000464585 
000000577464 
000000554620 
000000490897 
000000117639 
000000541293 
000000196928 
000000412908 
000000000474 
000000451099 
000000362469 
000000377450 
000000503104 
000000416862 
000000505385 
000000012434 
000000364796 
000000417481 
000000348234 
000000578492 
000000486081 
000000384346 
000000520873 
000000061693 
000000189949 
000000242378 
000000118964 
000000267095 
000000375961 
000000215652 
000000117310 
000000140349 
000000317986 
000000400028 
000000489617 
000000324603 
000000331724 
000000328548 
000000189212 
000000566499 
000000107073 
000000420546 
000000114745 
000000026584 
000000103260 
000000341794 
000000045175 
000000451863 
000000007277 
000000223461 
000000412208 
000000280554 
000000360165 
000000304330 
000000501499 
000000006906 
000000402387 
000000290849 
000000537695 
000000191078 
000000442879 
000000437520 
000000358302 
000000394393 
000000576754 
000000437432 
000000264350 
000000196205 
000000097406 
000000236630 
000000073508 
000000278425 
000000399573 
000000480940 
000000532693 
000000512339 
000000360152 
000000506483 
000000004567 
000000549301 
000000103556 
000000467854 
000000569294 
000000550311 
000000012147 
000000003493 
000000052087 
000000516913 
000000244994 
000000092815 
000000206062 
000000437515 
000000384626 
000000016290 
000000558633 
000000515656 
000000035948 
000000436653 
000000282564 
000000514860 
000000512387 
000000483476 
000000020702 
000000110138 
000000130262 
000000092543 
000000180984 
000000438590 
000000411329 
000000261069 
000000440074 
000000302227 
000000369446 
000000543006 
000000132196 
000000353370 
000000568135 
000000416248 
000000032773 
000000367310 
000000265950 
000000289323 
000000566681 
000000529956 
000000367710 
000000326092 
000000048103 
000000382357 
000000002732 
000000386847 
000000251319 
000000253262 
000000122839 
000000297251 
000000149962 
000000046736 
000000082228 
000000102281 
000000060350 
000000419693 
000000527970 
000000511402 
000000361190 
000000556862 
000000580791 
000000531568 
000000180071 
000000021143 
000000251701 
000000094179 
000000353358 
000000117400 
000000490582 
000000430788 
000000485757 
000000517515 
000000063077 
000000123848 
000000472160 
000000506750 
000000084521 
000000332594 
000000529155 
000000246342 
000000263828 
000000202739 
000000039138 
000000567812 
000000176509 
000000568878 
000000553413 
000000434261 
000000492408 
000000031392 
000000265815 
000000451119 
000000383786 
000000482590 
000000134937 
000000237501 
000000076956 
000000281534 
000000186443 
000000127807 
000000356967 
000000265407 
000000477112 
000000157991 
000000325079 
000000143479 
000000422877 
000000401926 
000000173185 
000000030345 
000000049123 
000000577351 
000000162067 
000000527628 
000000260024 
000000413489 
000000556418 
000000229024 
000000071691 
000000275771 
000000541965 
000000404948 
000000271177 
000000338256 
000000283060 
000000262710 
000000289901 
000000519635 
000000499788 
000000101485 
000000391754 
000000086243 
000000476709 
000000062893 
000000229856 
000000120674 
000000056187 
000000005245 
000000403693 
000000466505 
000000368818 
000000225153 
000000533596 
000000329640 
000000096826 
000000385389 
000000560675 
000000052843 
000000253907 
000000579995 
000000376558 
000000179886 
000000475735 
000000349313 
000000092639 
000000575980 
000000505464 
000000226145 
000000379108 
000000062985 
000000086993 
000000103775 
000000025515 
000000012509 
000000351002 
000000418056 
000000278799 
000000375897 
000000170834 
000000259345 
000000258478 
000000113893 
000000476054 
000000058364 
000000122259 
000000398606 
000000548164 
000000168361 
000000442701 
000000092221 
000000173274 
000000032220 
000000550477 
000000138713 
000000541627 
000000368368 
000000223746 
000000357975 
000000496373 
000000182837 
000000134644 
000000000897 
000000221755 
000000168332 
000000061046 
000000297135 
000000232363 
000000084276 
000000204379 
000000562155 
000000063881 
000000080394 
000000486906 
000000050817 
000000169023 
000000276565 
000000476160 
000000503310 
000000192306 
000000071092 
000000066014 
000000153397 
000000147667 
000000190291 
000000078892 
000000345961 
000000330395 
000000353009 
000000165199 
000000046433 
000000553736 
000000570824 
000000392154 
000000375739 
000000214527 
000000380893 
000000129143 
000000461389 
000000032947 
000000415912 
000000572413 
000000254096 
000000247866 
000000491168 
000000470073 
000000542799 
000000244692 
000000481793 
000000172900 
000000558406 
000000219629 
000000388772 
000000419364 
000000296353 
000000507252 
000000128515 
000000365561 
000000212311 
000000161229 
000000099620 
000000244022 
000000129262 
000000031596 
000000336897 
000000578705 
000000292844 
000000215376 
000000525518 
000000451375 
000000456807 
000000489453 
000000421309 
000000426997 
000000438073 
000000014600 
000000520769 
000000210729 
000000100090 
000000156986 
000000048284 
000000189301 
000000511325 
000000069194 
000000364113 
000000033840 
000000143510 
000000296995 
000000149449 
000000457029 
000000346399 
000000573896 
000000261707 
000000352670 
000000145361 
000000306570 
000000397104 
000000502440 
000000029457 
000000077297 
000000161927 
000000560997 
000000127615 
000000132552 
000000444755 
000000274745 
000000004742 
000000181631 
000000332273 
000000533962 
000000473508 
000000271490 
000000365739 
000000045464 
000000237188 
000000508548 
000000069946 
000000130513 
000000145497 
000000480200 
000000041666 
000000514801 
000000260953 
000000371706 
000000405721 
000000400850 
000000447613 
000000051504 
000000546667 
000000011680 
000000086679 
000000118745 
000000467904 
000000132516 
000000315466 
000000013175 
000000333018 
000000558031 
000000104453 
000000224537 
000000298403 
000000032524 
000000121167 
000000045016 
000000427123 
000000040165 
000000262925 
000000191205 
000000512995 
000000006491 
000000200759 
000000011754 
000000197951 
000000248024 
000000255123 
000000133011 
000000465225 
000000499866 
000000020769 
000000302514 
000000016547 
000000330524 
000000328758 
000000462065 
000000450263 
000000255112 
000000021796 
000000200681 
000000325863 
000000254577 
000000074415 
000000422044 
000000243044 
000000128180 
000000275168 
000000269502 
000000301188 
000000210844 
000000428985 
000000014740 
000000552752 
000000345532 
000000234176 
000000365565 
000000579891 
000000127629 
000000274455 
000000253906 
000000330315 
000000228409 
000000463454 
000000255164 
000000478980 
000000373360 
000000393223 
000000161567 
000000396330 
000000284001 
000000106810 
000000270391 
000000332913 
000000574996 
000000028654 
000000235912 
000000114788 
000000413533 
000000072210 
000000100142 
000000512405 
000000467537 
000000022656 
000000407318 
000000471886 
000000166275 
000000335041 
000000075607 
000000288014 
000000480890 
000000091912 
000000542594 
000000385753 
000000528604 
000000373344 
000000536028 
000000457276 
000000149414 
000000411430 
000000036498 
000000119087 
000000308160 
000000371514 
000000363321 
000000417597 
000000000735 
000000390130 
000000439889 
000000535896 
000000274314 
000000530033 
000000437562 
000000039359 
000000021281 
000000509497 
000000250518 
000000041574 
000000325332 
000000278967 
000000554433 
000000296360 
000000276621 
000000165847 
000000157693 
000000572348 
000000147543 
000000443347 
000000190595 
000000577712 
000000253945 
000000575194 
000000450478 
000000327935 
000000380432 
000000299689 
000000418489 
000000118406 
000000223413 
000000579466 
000000345194 
000000191016 
000000572508 
000000185721 
000000272082 
000000070921 
000000116562 
000000180048 
000000452621 
000000573744 
000000477654 
000000206653 
000000086011 
000000440358 
000000406462 
000000099900 
000000108540 
000000451077 
000000499369 
000000042057 
000000399879 
000000552545 
000000102903 
000000158299 
000000195768 
000000207026 
000000005513 
000000036098 
000000033305 
000000305267 
000000554828 
000000535569 
000000398153 
000000173448 
000000172105 
000000350553 
000000102432 
000000002703 
000000202041 
000000110094 
000000319161 
000000485909 
000000454725 
000000550235 
000000468751 
000000057427 
000000322790 
000000383746 
000000274934 
000000226502 
000000364608 
000000276200 
000000430351 
000000439770 
000000421320 
000000514674 
000000230561 
000000281008 
000000401720 
000000275117 
000000520569 
000000554176 
000000456053 
000000459110 
000000304336 
000000053748 
000000084352 
000000032400 
000000352651 
000000098141 
000000132212 
000000404495 
000000331139 
000000295740 
000000091289 
000000098350 
000000504027 
000000468011 
000000370413 
000000485680 
000000158676 
000000124979 
000000208057 
000000406708 
000000211892 
000000109088 
000000087356 
000000029582 
000000403710 
000000109679 
000000169351 
000000187582 
000000579299 
000000109509 
000000476170 
000000039527 
000000580843 
000000296523 
000000277418 
000000408206 
000000055295 
000000341110 
000000203400 
000000418736 
000000393207 
000000138629 
000000221523 
000000509419 
000000281772 
000000341212 
000000288712 
000000487843 
000000055942 
000000548592 
000000105237 
000000466547 
000000553455 
000000504702 
000000324915 
000000155478 
000000081009 
000000409862 
000000054335 
000000426229 
000000306073 
000000074599 
000000010015 
000000002860 
000000257783 
000000304067 
000000370260 
000000280760 
000000403306 
000000538566 
000000537574 
000000384895 
000000362658 
000000486482 
000000013274 
000000316578 
000000535202 
000000576449 
000000513311 
000000327234 
000000023392 
000000572811 
000000068650 
000000399983 
000000330348 
000000337689 
000000015303 
000000247884 
000000517388 
000000427870 
000000074863 
000000121961 
000000572063 
000000010496 
000000490244 
000000155775 
000000532449 
000000279241 
000000369642 
000000148077 
000000009738 
000000135113 
000000257215 
000000079853 
000000572046 
000000027711 
000000156471 
000000377412 
000000480983 
000000487090 
000000578002 
000000081127 
000000410084 
000000417115 
000000439712 
000000437452 
000000572008 
000000552646 
000000415903 
000000131869 
000000512116 
000000058239 
000000405437 
000000090237 
000000230240 
000000412371 
000000004243 
000000444986 
000000444278 
000000073647 
000000287718 
000000111347 
000000080319 
000000232279 
000000027495 
000000270918 
000000320194 
000000169228 
000000564599 
000000301537 
000000064236 
000000379004 
000000274160 
000000544983 
000000216454 
000000013127 
000000093298 
000000416167 
000000018389 
000000204351 
000000448787 
000000349483 
000000055872 
000000288933 
000000556018 
000000575459 
000000154600 
000000177060 
000000308780 
000000029706 
000000153204 
000000272036 
000000232357 
000000022265 
000000034478 
000000571485 
000000326841 
000000312439 
000000439946 
000000543444 
000000534440 
000000138878 
000000399152 
000000152505 
000000573165 
000000473210 
000000199572 
000000156511 
000000234006 
000000377157 
000000191515 
000000373577 
000000519157 
000000533356 
000000064189 
000000421876 
000000220072 
000000551553 
000000142774 
000000568426 
000000186788 
000000351345 
000000165359 
000000289073 
000000040470 
000000553869 
000000230862 
000000475076 
000000032413 
000000121452 
000000367706 
000000539476 
000000356562 
000000579184 
000000132826 
000000531798 
000000109738 
000000400829 
000000572012 
000000415613 
000000013362 
000000063434 
000000403862 
000000283728 
000000033057 
000000357228 
000000532335 
000000195685 
000000251696 
000000380754 
000000521440 
000000167074 
000000029104 
000000531949 
000000025234 
000000302740 
000000397373 
000000519843 
000000225769 
000000495536 
000000311401 
000000480368 
000000253334 
000000414216 
000000503991 
000000458487 
000000349596 
000000210744 
000000313653 
000000143306 
000000371824 
000000419681 
000000174098 
000000254218 
000000567357 
000000535452 
000000221438 
000000466447 
000000078781 
000000541837 
000000542510 
000000319456 
000000174336 
000000382873 
000000038904 
000000346425 
000000487464 
000000284233 
000000311669 
000000513618 
000000320594 
000000561116 
000000072011 
000000328596 
000000191197 
000000178598 
000000286327 
000000121056 
000000119118 
000000269303 
000000297227 
000000161546 
000000073814 
000000341205 
000000289813 
000000238048 
000000231806 
000000028671 
000000354389 
000000086861 
000000413225 
000000347392 
000000332124 
000000199469 
000000025273 
000000407654 
000000073510 
000000352495 
000000213933 
000000291048 
000000207463 
000000186941 
000000369777 
000000087956 
000000250939 
000000286336 
000000106638 
000000190075 
000000454219 
000000497494 
000000478240 
000000517249 
000000360064 
000000424989 
000000329502 
000000148193 
000000572550 
000000088412 
000000542200 
000000089915 
000000128402 
000000307999 
000000157801 
000000042741 
000000205670 
000000136131 
000000463325 
000000491665 
000000367171 
000000398798 
000000342259 
000000496476 
000000106617 
000000015596 
000000197629 
000000360818 
000000026233 
000000574492 
000000452545 
000000047687 
000000192774 
000000125958 
000000243526 
000000523196 
000000380924 
000000449056 
000000496040 
000000347055 
000000025870 
000000553141 
000000473318 
000000395997 
000000492065 
000000109937 
000000559768 
000000311273 
000000376315 
000000333924 
000000430950 
000000526126 
000000287024 
000000157645 
000000098523 
000000529139 
000000324713 
000000095341 
000000383029 
000000020111 
000000089202 
000000206469 
000000384520 
000000581857 
000000299074 
000000012574 
000000090498 
000000374904 
000000392048 
000000488500 
000000535229 
000000042501 
000000101172 
000000167992 
000000262389 
000000498916 
000000129813 
000000149849 
000000158747 
000000059146 
000000530875 
000000135497 
000000168417 
000000400861 
000000152211 
000000098592 
000000264336 
000000544660 
000000204525 
000000273579 
000000235316 
000000449879 
000000054149 
000000448998 
000000126355 
000000258920 
000000028417 
000000072437 
000000254536 
000000410343 
000000136270 
000000207360 
000000215763 
000000347495 
000000262848 
000000401969 
000000306467 
000000036653 
000000501758 
000000442364 
000000453389 
000000412966 
000000310665 
000000258688 
000000570085 
000000129659 
000000448863 
000000449433 
000000489850 
000000309598 
000000322720 
000000175185 
000000275496 
000000531286 
000000390147 
000000578337 
000000163350 
000000145335 
000000208107 
000000139917 
000000026176 
000000332876 
000000482775 
000000203599 
000000570568 
000000506890 
000000066691 
000000026209 
000000063745 
000000213773 
000000558498 
000000001527 
000000408757 
000000235000 
000000428004 
000000111148 
000000521375 
000000235994 
000000127718 
000000552199 
000000261779 
000000363048 
000000418805 
000000201724 
000000052902 
000000060704 
000000563870 
000000147595 
000000286144 
000000188875 
000000228463 
000000497296 
000000190794 
000000527002 
000000571168 
000000361700 
000000341910 
000000061730 
000000083873 
000000406152 
000000318483 
000000522194 
000000481940 
000000220485 
000000336245 
000000442232 
000000463576 
000000562192 
000000087655 
000000144772 
000000478445 
000000546847 
000000363942 
000000488362 
000000233365 
000000017487 
000000432702 
000000326757 
000000450434 
000000350000 
000000523487 
000000243861 
000000099874 
000000236075 
000000054671 
000000441009 
000000324717 
000000185520 
000000080931 
000000422560 
000000063894 
000000498730 
000000278737 
000000524273 
000000562347 
000000005385 
000000179251 
000000232806 
000000227918 
000000175597 
000000505279 
000000079258 
000000216364 
000000334283 
000000355621 
000000558108 
000000333151 
000000122937 
000000020727 
000000371650 
000000189588 
000000508605 
000000526778 
000000127298 
000000325943 
000000163281 
000000189094 
000000342532 
000000079459 
000000210077 
000000118219 
000000142291 
000000080180 
000000530256 
000000296767 
000000302497 
000000018535 
000000089905 
000000568148 
000000472394 
000000401917 
000000409209 
000000524992 
000000376990 
000000119743 
000000154062 
000000328214 
000000118366 
000000131816 
000000337584 
000000398087 
000000041212 
000000119561 
000000047639 
000000317330 
000000388928 
000000289791 
000000112995 
000000294716 
000000515274 
000000359034 
000000035240 
000000392726 
000000103315 
000000264282 
000000242218 
000000249809 
000000375129 
000000381996 
000000328210 
000000513532 
000000512186 
000000456608 
000000415492 
000000456572 
000000387518 
000000062478 
000000075535 
000000391976 
000000193243 
000000223095 
000000477882 
000000475621 
000000350984 
000000148168 
000000115442 
000000105921 
000000098162 
000000437332 
000000554015 
000000304305 
000000464598 
000000046372 
000000285751 
000000016526 
000000236519 
000000501647 
000000396617 
000000195701 
000000379350 
000000487238 
000000512916 
000000340331 
000000147337 
000000187810 
000000466448 
000000505058 
000000376258 
000000083836 
000000114061 
000000028456 
000000218033 
000000056435 
000000418318 
000000240399 
000000114940 
000000009557 
000000267516 
000000364174 
000000343960 
000000304088 
000000163782 
000000180593 
000000344154 
000000238712 
000000229184 
000000340659 
000000143258 
000000224322 
000000441263 
000000412062 
000000151081 
000000055539 
000000029014 
000000259419 
000000126950 
000000124934 
000000225530 
000000465198 
000000390646 
000000574009 
000000176180 
000000222842 
000000201662 
